0,469
0,468
0,467
0,466
0,465
0,464
0,463
0,462
0,461
0,460
0,459
0,458
0,457
0,456
0,455
0,454
0,453
0,452
0,451
0,450
0,449
0,448
0,447
0,446
0,445
0,444
0,443
0,442
0,441
39,3
39,2
0,440
39,1
39,0
0,439
0,438
0,437
0,436
38,4
0,435
0,434
0,433
38,3
38,2
0,432
38,1
38,0
0,431
0,430
0,429
0,428
37,4
0,427
0,426
0,425
0,424
0,423
0,422
0,421
37,3
37,2
37,1
37,0
36,3
36,2
36,1
36,0
25,2
35,4
35,3
35,2
35,1
35,0
34,3
34,2
34,1
34,0
0,420
0,419
33,4
0,278
0,418
33,3
33,2
33,1
33,0
32,3
32,2
32,1
32,0
27,1
27,3
31,35
3,2
3,1
3,3
10,139
10,33
10,71
10,283
10,257
10,313
10,161
10,87
8,6
